0000
000100
0001010
0001011
000110
000111000
0001110010
00011100110
00011100111
000111010
0001110110
0001110111
00011110
000111110
000111111
0010000
0010001
0010010
0010011
001010
00101100
00101101
00101110
00101111
0011000
0011001
0011010
00110110
001101110
001101111
001110
001111
01000
0100100
0100101
0100110
0100111
01010
010110
0101110
0101111
0110000
0110001
01100100
01100101
01100110
011001110
011001111
01101000
01101001
0110101000
0110101001
0110101010
0110101011
011010110
0110101110
0110101111
011011000
0110110010
01101100110
01101100111
0110110100
01101101010
01101101011
0110110110
01101101110
011011011110
011011011111
0110111000
01101110010
01101110011
0110111010
01101110110
01101110111
011011110
011011111
011100
01110100
01110101
01110110
01110111
011110
0111110
01111110
01111111
10000000
10000001
10000010
10000011
10000100
10000101
10000110
10000111
10001000
100010010
100010011
100010100
100010101
100010110
1000101110
1000101111
1000110
100011100
100011101
100011110
1000111110
10001111110
10001111111
1001000
10010010
10010011
10010100
10010101
10010110
100101110
100101111
1001100
1001101
10011100
10011101
100111100
100111101
100111110
100111111
1010
10110000
10110001
101100100
101100101
101100110
101100111
101101000
10110100100
10110100101
10110100110
10110100111
101101010
1011010110
10110101110
10110101111
101101100
1011011010
1011011011
101101110
10110111100
10110111101
10110111110
10110111111
101110
101111
1100
11010
110110
110111
11100000
11100001
11100010
11100011
11100100
11100101
11100110
111001110
111001111
1110100
11101010
11101011
11101100
111011010
111011011
111011100
111011101
111011110
111011111
111100000
111100001
111100010
111100011
111100100
111100101
111100110
111100111
1111010
11110110
111101110
111101111
1111100
11111010
11111011
11111100
11111101
1111111000
11111110010
11111110011
1111111010
1111111011
111111110
11111111100
11111111101
11111111110
11111111111
