000
0010
00110
00111
0100000
01000010
01000011
0100010
01000110
01000111
0100100
0100101
0100110
0100111
0101000
0101001
0101010
0101011
0101100
0101101
0101110
01011110
01011111
01100
0110100
0110101
0110110
0110111
011100
011101
0111100
01111010
011110110
0111101110
0111101111
011111000
011111001
0111110100
0111110101
0111110110
0111110111
0111111000
0111111001
0111111010
0111111011
011111110
0111111110
0111111111
1000
10010
100110
1001110
1001111
10100
101010
1010110
1010111
10110
1011100
1011101
1011110
1011111
1100
11010
1101100
11011010
110110110
110110111
11011100
11011101
110111100
110111101
110111110
110111111
1110000
1110001
1110010
11100110
111001110
111001111
111010
1110110
11101110
111011110
1110111110
1110111111
111100
1111010
11110110
11110111
11111000
11111001
11111010
111110110
111110111
1111110
11111110
111111110
1111111110
1111111111
