0000
00010
00011
00100
00101
00110
0011100
0011101
0011110
0011111
0100
01010
01011
01100
011010
011011
01110
01111
100
10100
10101
10110
101110
101111
1100000
1100001
1100010
1100011
110010
1100110
1100111
11010
11011000
110110010
110110011
110110100
110110101
1101101100
1101101101
1101101110
1101101111
1101110
11011110
110111110
1101111110
11011111110
11011111111
11100
111010
1110110
11101110
11101111
11110000
1111000100
11110001010
11110001011
1111000110
1111000111
111100100
111100101
111100110
111100111
111101000
111101001
11110101000
11110101001
11110101010
111101010110
111101010111
1111010110
11110101110
111101011110
1111010111110
1111010111111
1111011000
1111011001
1111011010
11110110110
11110110111
111101110
1111011110
1111011111
111110000
1111100010
1111100011
111110010
1111100110
11111001110
11111001111
11111010
111110110
111110111
1111110
11111110
1111111100
1111111101
1111111110
11111111110
111111111110
111111111111
